0 0.67578125 0.0578125 0.0734375 0.11875000000000001
0 0.79296875 0.05859375 0.0765625 0.1203125
0 0.5765625 0.09765625 0.07187500000000001 0.1296875
0 0.56640625 0.3765625 0.0765625 0.15000000000000002
0 0.6703125000000001 0.4265625 0.07187500000000001 0.15000000000000002
0 0.7742187500000001 0.31796875 0.0859375 0.1921875
0 0.546875 0.5593750000000001 0.078125 0.15000000000000002
0 0.65546875 0.6312500000000001 0.0765625 0.16875
0 0.7609375 0.5453125 0.07500000000000001 0.15000000000000002
0 0.3921875 0.8046875 0.08125 0.14375000000000002
0 0.52890625 0.8515625 0.0703125 0.146875
0 0.64453125 0.8343750000000001 0.0671875 0.15000000000000002
0 0.75390625 0.82578125 0.0734375 0.1546875
