0 0.7375 0.8929687500000001 0.06875 0.1421875
0 0.64453125 0.8562500000000001 0.0734375 0.146875
0 0.525 0.8296875 0.078125 0.153125
0 0.36171875000000003 0.8 0.0765625 0.140625
0 0.5421875 0.5984375000000001 0.078125 0.15625
0 0.6468750000000001 0.64609375 0.07187500000000001 0.1453125
0 0.7523437500000001 0.659375 0.0734375 0.14375000000000002
0 0.76875 0.13203125000000002 0.07187500000000001 0.1421875
0 0.7523437500000001 0.37421875000000004 0.0703125 0.15781250000000002
0 0.66953125 0.02109375 0.0671875 0.045312500000000006
0 0.6703125000000001 0.21250000000000002 0.06875 0.146875
0 0.5476562500000001 0.3203125 0.0765625 0.15000000000000002
0 0.65546875 0.4546875 0.0734375 0.146875
