0 0.6664062500000001 0.93125 0.0703125 0.134375
0 0.5632812500000001 0.8992187500000001 0.0765625 0.1546875
0 0.45703125 0.8539062500000001 0.0734375 0.1484375
0 0.45234375000000004 0.5828125000000001 0.0703125 0.14375000000000002
0 0.5609375 0.6687500000000001 0.06875 0.134375
0 0.6703125000000001 0.7234375000000001 0.065625 0.146875
0 0.45078125 0.27734375 0.0703125 0.1453125
0 0.56015625 0.38515625000000003 0.0671875 0.1421875
0 0.6671875 0.51328125 0.06875 0.1484375
0 0.4578125 0.053125000000000006 0.07187500000000001 0.109375
0 0.5632812500000001 0.10390625 0.0734375 0.15156250000000002
0 0.665625 0.24765625000000002 0.06875 0.1421875
