0 0.5734375 0.0546875 0.07187500000000001 0.1125
0 0.6664062500000001 0.078125 0.0703125 0.1375
0 0.78125 0.057031250000000006 0.07187500000000001 0.1171875
0 0.78671875 0.26015625000000003 0.0703125 0.1421875
0 0.55859375 0.36953125000000003 0.0703125 0.1421875
0 0.6609375000000001 0.40390625 0.06875 0.1421875
0 0.7664062500000001 0.44453125000000004 0.0671875 0.1421875
0 0.54921875 0.59921875 0.07968750000000001 0.1609375
0 0.6585937500000001 0.64453125 0.0703125 0.1421875
0 0.7664062500000001 0.659375 0.0734375 0.146875
0 0.36250000000000004 0.90390625 0.078125 0.1421875
0 0.5546875 0.86875 0.07500000000000001 0.1375
0 0.64375 0.8578125000000001 0.07187500000000001 0.1375
0 0.75546875 0.9328125 0.0765625 0.13125
