0 0.578125 0.010937500000000001 0.065625 0.025
0 0.67578125 0.022656250000000003 0.0703125 0.0484375
0 0.78046875 0.13593750000000002 0.0703125 0.16562500000000002
0 0.5632812500000001 0.23593750000000002 0.0734375 0.14375000000000002
0 0.66796875 0.290625 0.0765625 0.15000000000000002
0 0.7820312500000001 0.37265625 0.0703125 0.1453125
0 0.5546875 0.44453125000000004 0.07500000000000001 0.1546875
0 0.66015625 0.571875 0.0734375 0.15937500000000002
0 0.775 0.58203125 0.06875 0.1421875
0 0.54140625 0.675 0.0671875 0.153125
0 0.65 0.8015625000000001 0.07500000000000001 0.153125
0 0.753125 0.815625 0.07500000000000001 0.14375000000000002
0 0.53046875 0.90546875 0.0734375 0.1421875
