0 0.47265625 0.047656250000000004 0.0734375 0.09843750000000001
0 0.57734375 0.14140625 0.0734375 0.15156250000000002
0 0.6781250000000001 0.240625 0.065625 0.140625
0 0.46328125000000003 0.27109375 0.0703125 0.1421875
0 0.571875 0.375 0.06875 0.140625
0 0.67890625 0.50546875 0.0703125 0.1453125
0 0.4625 0.571875 0.07187500000000001 0.14375000000000002
0 0.5703125 0.6585937500000001 0.06875 0.13593750000000002
0 0.6804687500000001 0.7125 0.0671875 0.14375000000000002
0 0.46406250000000004 0.8460937500000001 0.078125 0.1484375
0 0.5703125 0.8875000000000001 0.07187500000000001 0.15625
0 0.6734375 0.9265625000000001 0.07187500000000001 0.14375000000000002
