0 0.578125 0.0171875 0.065625 0.037500000000000006
0 0.6671875 0.11640625 0.084375 0.18906250000000002
0 0.7796875000000001 0.14765625000000002 0.07187500000000001 0.1640625
0 0.5640625 0.25 0.07500000000000001 0.146875
0 0.6640625 0.3453125 0.07500000000000001 0.15000000000000002
0 0.7820312500000001 0.38125000000000003 0.0734375 0.14375000000000002
0 0.5554687500000001 0.4546875 0.0765625 0.15625
0 0.6609375000000001 0.5921875 0.07500000000000001 0.15937500000000002
0 0.775 0.59375 0.07187500000000001 0.1375
0 0.54296875 0.68671875 0.0671875 0.15156250000000002
0 0.65234375 0.8109375000000001 0.0703125 0.146875
0 0.75390625 0.82734375 0.0765625 0.1453125
0 0.5320312500000001 0.9164062500000001 0.0734375 0.1421875
