0 0.45859375 0.055468750000000004 0.0734375 0.11406250000000001
0 0.56484375 0.15703125 0.0734375 0.15156250000000002
0 0.6687500000000001 0.2546875 0.06875 0.14375000000000002
0 0.4578125 0.359375 0.06875 0.140625
0 0.5625 0.38828125 0.06875 0.1484375
0 0.6687500000000001 0.5171875 0.07187500000000001 0.146875
0 0.45234375000000004 0.58828125 0.0703125 0.1453125
0 0.5632812500000001 0.671875 0.0671875 0.1375
0 0.671875 0.7250000000000001 0.06875 0.14375000000000002
0 0.66796875 0.9328125 0.0703125 0.13125
0 0.56171875 0.9015625 0.0734375 0.153125
0 0.45703125 0.859375 0.0734375 0.146875
