0 0.5554687500000001 0.034375 0.0703125 0.07187500000000001
0 0.6609375000000001 0.09609375 0.06875 0.1390625
0 0.77109375 0.09531250000000001 0.0765625 0.1625
0 0.35625 0.45078125 0.12187500000000001 0.4078125
0 0.63984375 0.3671875 0.0703125 0.134375
0 0.76875 0.36640625000000004 0.065625 0.1453125
0 0.34375 0.9851562500000001 0.065625 0.026562500000000003
0 0.53828125 0.6843750000000001 0.0765625 0.15625
0 0.7484375000000001 0.59921875 0.06875 0.1453125
0 0.6265625 0.915625 0.07187500000000001 0.14375000000000002
0 0.7445312500000001 0.8515625 0.0703125 0.14375000000000002
