0 0.5796875 0.096875 0.06875 0.14375000000000002
0 0.70703125 0.16875 0.0671875 0.140625
0 0.7890625 0.17265625 0.078125 0.1546875
0 0.5593750000000001 0.38203125000000004 0.078125 0.1546875
0 0.66328125 0.47500000000000003 0.0734375 0.1625
0 0.7757812500000001 0.4078125 0.0703125 0.134375
0 0.7601562500000001 0.62109375 0.0703125 0.15156250000000002
0 0.5484375 0.61640625 0.06875 0.1328125
0 0.65625 0.7429687500000001 0.07500000000000001 0.1421875
0 0.75703125 0.8609375 0.0703125 0.15000000000000002
0 0.54296875 0.8562500000000001 0.0703125 0.14375000000000002
