0 0.59140625 0.026562500000000003 0.06406250000000001 0.05625
0 0.690625 0.20078125000000002 0.06875 0.15156250000000002
0 0.784375 0.20468750000000002 0.07500000000000001 0.1625
0 0.571875 0.35546875 0.07187500000000001 0.1390625
0 0.775 0.446875 0.06875 0.134375
0 0.7703125000000001 0.65546875 0.08125 0.15781250000000002
0 0.5593750000000001 0.59609375 0.078125 0.1453125
0 0.37890625 0.65625 0.0765625 0.146875
0 0.7601562500000001 0.88046875 0.0703125 0.13593750000000002
0 0.6640625 0.8625 0.06875 0.12812500000000002
0 0.5578125 0.8328125000000001 0.07187500000000001 0.134375
0 0.3796875 0.84921875 0.078125 0.15156250000000002
