0 0.5710937500000001 0.39453125 0.0734375 0.1609375
0 0.67890625 0.43046875 0.0734375 0.1328125
0 0.46875 0.62890625 0.07500000000000001 0.1421875
0 0.56953125 0.6828125 0.0734375 0.14375000000000002
0 0.68125 0.66953125 0.08125 0.1796875
0 0.47109375000000003 0.86875 0.0734375 0.140625
0 0.56171875 0.921875 0.0734375 0.153125
0 0.6921875000000001 0.9296875 0.065625 0.1375
0 0.6820312500000001 0.08046875 0.0734375 0.1546875
0 0.5671875000000001 0.16171875000000002 0.07500000000000001 0.15156250000000002
