0 0.57734375 0.02109375 0.0671875 0.045312500000000006
0 0.67734375 0.01015625 0.0671875 0.0234375
0 0.7921875 0.039843750000000004 0.07187500000000001 0.08281250000000001
0 0.5796875 0.1859375 0.07187500000000001 0.14375000000000002
0 0.6687500000000001 0.19765625 0.07500000000000001 0.15156250000000002
0 0.7781250000000001 0.24921875000000002 0.078125 0.1640625
0 0.56484375 0.40937500000000004 0.0734375 0.140625
0 0.671875 0.42890625000000004 0.07187500000000001 0.1421875
0 0.76953125 0.46328125000000003 0.0703125 0.1296875
0 0.55390625 0.609375 0.0765625 0.146875
0 0.66953125 0.6671875 0.0703125 0.15000000000000002
0 0.7640625000000001 0.6703125000000001 0.078125 0.1625
0 0.36250000000000004 0.9148437500000001 0.07187500000000001 0.1453125
0 0.54921875 0.8484375000000001 0.0734375 0.1375
0 0.65625 0.87890625 0.06875 0.1265625
0 0.7546875000000001 0.8921875 0.07187500000000001 0.1375
