0 0.6734375 0.07968750000000001 0.07500000000000001 0.15000000000000002
0 0.7898437500000001 0.078125 0.0703125 0.15625
0 0.6671875 0.28125 0.07187500000000001 0.15000000000000002
0 0.5625 0.34296875000000004 0.084375 0.1609375
0 0.7734375 0.38359375 0.078125 0.1609375
0 0.6515625 0.5164062500000001 0.07187500000000001 0.15156250000000002
0 0.553125 0.5789062500000001 0.08125 0.1484375
0 0.7609375 0.66796875 0.07500000000000001 0.1484375
0 0.3609375 0.8671875 0.08750000000000001 0.171875
0 0.54140625 0.8578125000000001 0.0765625 0.153125
0 0.6359375 0.8539062500000001 0.078125 0.1609375
0 0.7562500000000001 0.9203125000000001 0.07500000000000001 0.15625
