0 0.69453125 0.06953125 0.0765625 0.1421875
0 0.5796875 0.14296875 0.07500000000000001 0.15156250000000002
0 0.5796875 0.375 0.07187500000000001 0.15937500000000002
0 0.6898437500000001 0.4140625 0.0734375 0.134375
0 0.48046875 0.6351562500000001 0.0703125 0.1453125
0 0.5796875 0.665625 0.07187500000000001 0.15000000000000002
0 0.690625 0.65234375 0.084375 0.18281250000000002
0 0.478125 0.84921875 0.07187500000000001 0.1421875
0 0.56796875 0.91015625 0.0765625 0.1546875
0 0.6984375 0.9148437500000001 0.065625 0.1421875
