0 0.66953125 0.08281250000000001 0.0734375 0.15000000000000002
0 0.78671875 0.08046875 0.0703125 0.15781250000000002
0 0.55703125 0.34296875000000004 0.08281250000000001 0.1609375
0 0.6648437500000001 0.284375 0.0734375 0.146875
0 0.7703125000000001 0.3875 0.084375 0.1625
0 0.6484375 0.521875 0.07187500000000001 0.15000000000000002
0 0.75703125 0.66953125 0.0734375 0.1453125
0 0.5515625000000001 0.584375 0.07187500000000001 0.15000000000000002
0 0.7523437500000001 0.921875 0.0703125 0.153125
0 0.63203125 0.8656250000000001 0.07968750000000001 0.15625
0 0.5390625 0.85859375 0.07500000000000001 0.15156250000000002
