0 0.7781250000000001 0.07500000000000001 0.06875 0.153125
0 0.5554687500000001 0.1078125 0.0734375 0.15000000000000002
0 0.5578125 0.32578125 0.08125 0.1546875
0 0.65625 0.30546875 0.07500000000000001 0.1703125
0 0.7625000000000001 0.353125 0.08125 0.19375
0 0.5398437500000001 0.5828125000000001 0.07968750000000001 0.153125
0 0.65625 0.54921875 0.07500000000000001 0.1421875
0 0.75546875 0.63984375 0.0734375 0.1484375
0 0.53359375 0.846875 0.07968750000000001 0.15937500000000002
0 0.6359375 0.88828125 0.078125 0.15156250000000002
0 0.74765625 0.8835937500000001 0.0734375 0.1453125
