0 0.66328125 0.11015625000000001 0.11406250000000001 0.2234375
0 0.5625 0.26484375 0.06875 0.1453125
0 0.6515625 0.34609375000000003 0.07500000000000001 0.15156250000000002
0 0.7664062500000001 0.31484375000000003 0.0703125 0.1453125
0 0.5437500000000001 0.5437500000000001 0.07187500000000001 0.153125
0 0.64765625 0.6101562500000001 0.0859375 0.1921875
0 0.753125 0.60078125 0.065625 0.1484375
0 0.53671875 0.8109375000000001 0.0734375 0.140625
0 0.6414062500000001 0.8070312500000001 0.0703125 0.1453125
0 0.74765625 0.80234375 0.0859375 0.1796875
