0 0.57578125 0.05390625 0.0703125 0.11093750000000001
0 0.67890625 0.08281250000000001 0.0734375 0.153125
0 0.7937500000000001 0.125 0.07187500000000001 0.15000000000000002
0 0.56015625 0.2625 0.07968750000000001 0.146875
0 0.66015625 0.45078125 0.0765625 0.1484375
0 0.7375 0.3984375 0.08750000000000001 0.18125000000000002
0 0.55703125 0.51875 0.0734375 0.15937500000000002
0 0.6453125000000001 0.6609375000000001 0.07187500000000001 0.15625
0 0.7546875000000001 0.6109375 0.07187500000000001 0.14375000000000002
0 0.54609375 0.8265625000000001 0.0765625 0.14375000000000002
0 0.6468750000000001 0.875 0.07187500000000001 0.14375000000000002
0 0.7601562500000001 0.84375 0.0765625 0.146875
