0 0.58984375 0.0484375 0.0703125 0.1
0 0.7046875 0.06015625 0.07187500000000001 0.1234375
0 0.48359375000000004 0.1484375 0.07968750000000001 0.15000000000000002
0 0.5953125 0.23125 0.078125 0.15000000000000002
0 0.6953125 0.26875 0.07500000000000001 0.146875
0 0.48515625 0.41015625 0.0765625 0.1453125
0 0.5859375 0.4734375 0.07500000000000001 0.146875
0 0.7000000000000001 0.5453125 0.07500000000000001 0.15937500000000002
0 0.48203125 0.63984375 0.0734375 0.1421875
0 0.5828125000000001 0.6976562500000001 0.078125 0.1703125
0 0.69921875 0.7390625000000001 0.08281250000000001 0.15937500000000002
0 0.47421875 0.8734375000000001 0.07968750000000001 0.146875
0 0.5953125 0.9390625 0.07500000000000001 0.11875000000000001
0 0.6843750000000001 0.9242187500000001 0.078125 0.1484375
