0 0.6351562500000001 0.03515625 0.08281250000000001 0.0734375
0 0.75390625 0.1234375 0.0765625 0.153125
0 0.74609375 0.31953125000000004 0.0703125 0.1484375
0 0.6359375 0.29609375 0.078125 0.15781250000000002
0 0.52265625 0.32265625000000003 0.0703125 0.1484375
0 0.51875 0.5890625 0.07500000000000001 0.153125
0 0.62421875 0.53046875 0.0765625 0.1546875
0 0.73046875 0.54140625 0.0671875 0.1484375
0 0.7296875 0.76484375 0.07187500000000001 0.1328125
0 0.6265625 0.7601562500000001 0.07187500000000001 0.1296875
0 0.5242187500000001 0.7937500000000001 0.0703125 0.14375000000000002
