0 0.48203125 0.0203125 0.06406250000000001 0.043750000000000004
0 0.68671875 0.1953125 0.060937500000000006 0.146875
0 0.4765625 0.31484375000000003 0.07187500000000001 0.15156250000000002
0 0.5906250000000001 0.32890625 0.06875 0.1453125
0 0.68671875 0.5164062500000001 0.0671875 0.1453125
0 0.56796875 0.61328125 0.0765625 0.1546875
0 0.6882812500000001 0.7140625 0.0703125 0.153125
0 0.47109375000000003 0.83359375 0.0703125 0.1421875
0 0.5703125 0.9171875 0.06875 0.146875
0 0.6796875 0.93359375 0.07500000000000001 0.1296875
