0 0.5875 0.08984375 0.08125 0.1609375
0 0.6898437500000001 0.05859375 0.08281250000000001 0.1203125
0 0.46640625 0.146875 0.0765625 0.15625
0 0.60078125 0.36015625 0.0671875 0.1453125
0 0.69453125 0.2734375 0.0671875 0.146875
0 0.4890625 0.45 0.07187500000000001 0.1375
0 0.48828125 0.6609375000000001 0.0734375 0.15000000000000002
0 0.5796875 0.60703125 0.07500000000000001 0.15156250000000002
0 0.6976562500000001 0.54140625 0.0703125 0.1453125
0 0.6976562500000001 0.7609375 0.0703125 0.153125
0 0.6898437500000001 0.92890625 0.07968750000000001 0.1390625
0 0.58046875 0.90625 0.0703125 0.15000000000000002
0 0.48125 0.8890625000000001 0.07187500000000001 0.14375000000000002
