0 0.496875 0.171875 0.07187500000000001 0.15000000000000002
0 0.6039062500000001 0.11015625000000001 0.0703125 0.15156250000000002
0 0.71015625 0.19453125000000002 0.0703125 0.1546875
0 0.603125 0.33828125000000003 0.06875 0.15156250000000002
0 0.6984375 0.43515625 0.078125 0.15156250000000002
0 0.4921875 0.4140625 0.07187500000000001 0.153125
0 0.58984375 0.63203125 0.0703125 0.1453125
0 0.7015625000000001 0.7046875 0.06875 0.15625
0 0.48046875 0.65234375 0.0765625 0.15156250000000002
0 0.48515625 0.8828125 0.0703125 0.15625
0 0.59296875 0.875 0.07968750000000001 0.153125
0 0.6937500000000001 0.8796875000000001 0.07187500000000001 0.14375000000000002
