0 0.57734375 0.03125 0.06406250000000001 0.065625
0 0.7914062500000001 0.060937500000000006 0.07968750000000001 0.125
0 0.56796875 0.33515625000000004 0.0734375 0.1484375
0 0.6703125000000001 0.4078125 0.07187500000000001 0.153125
0 0.77109375 0.31093750000000003 0.08281250000000001 0.1875
0 0.5453125 0.56015625 0.078125 0.15156250000000002
0 0.6531250000000001 0.6335937500000001 0.07500000000000001 0.16718750000000002
0 0.7585937500000001 0.5476562500000001 0.0734375 0.1546875
0 0.390625 0.8046875 0.08125 0.140625
0 0.5265625 0.853125 0.07500000000000001 0.14375000000000002
0 0.6429687500000001 0.8359375 0.0671875 0.146875
0 0.7523437500000001 0.8289062500000001 0.0703125 0.1546875
