0 0.7898437500000001 0.23515625 0.15156250000000002 0.060937500000000006
0 0.043750000000000004 0.6078125000000001 0.09062500000000001 0.065625
0 0.23515625 0.6125 0.1796875 0.07500000000000001
0 0.26171875 0.74609375 0.2765625 0.0859375
0 0.51328125 0.64765625 0.1390625 0.0671875
0 0.52109375 0.73359375 0.1546875 0.0734375
0 0.721875 0.6359375 0.15625 0.06875
0 0.7312500000000001 0.78828125 0.15000000000000002 0.0671875
0 0.9421875000000001 0.6625000000000001 0.1125 0.07187500000000001
0 0.9328125 0.8054687500000001 0.13125 0.0765625
