0 0.46015625000000004 0.02109375 0.0859375 0.045312500000000006
0 0.57734375 0.05390625 0.0890625 0.11093750000000001
0 0.7109375 0.15000000000000002 0.08125 0.153125
0 0.48750000000000004 0.340625 0.09062500000000001 0.15937500000000002
0 0.6015625 0.321875 0.09062500000000001 0.153125
0 0.6921875000000001 0.46328125000000003 0.084375 0.1609375
0 0.59765625 0.59140625 0.0859375 0.1484375
0 0.7046875 0.7625000000000001 0.08750000000000001 0.146875
0 0.596875 0.9 0.09062500000000001 0.15937500000000002
0 0.48828125 0.73359375 0.0859375 0.1421875
0 0.3875 0.9789062500000001 0.078125 0.0390625
0 0.3671875 0.43671875000000004 0.09062500000000001 0.1453125
