0 0.19375 0.26171875 0.153125 0.0671875
0 0.45234375000000004 0.25234375000000003 0.1265625 0.060937500000000006
0 0.70078125 0.24453125 0.1703125 0.0734375
0 0.95703125 0.23515625 0.08281250000000001 0.0734375
0 0.23828125 0.36796875 0.1421875 0.060937500000000006
0 0.44375000000000003 0.35546875 0.15000000000000002 0.0703125
0 0.6890625 0.36875 0.140625 0.0625
0 0.9070312500000001 0.34609375000000003 0.1546875 0.0671875
0 0.12812500000000002 0.7625000000000001 0.1375 0.07500000000000001
0 0.30000000000000004 0.7734375 0.109375 0.059375000000000004
0 0.45859375 0.7781250000000001 0.15156250000000002 0.0625
0 0.690625 0.7796875000000001 0.15000000000000002 0.0625
0 0.953125 0.7742187500000001 0.09062500000000001 0.0671875
