0 0.8828125 0.20703125 0.15000000000000002 0.06406250000000001
0 0.96875 0.4890625 0.059375000000000004 0.059375000000000004
0 0.8757812500000001 0.5906250000000001 0.1453125 0.0625
0 0.92890625 0.7078125000000001 0.1390625 0.065625
0 0.6976562500000001 0.59140625 0.1296875 0.060937500000000006
0 0.7046875 0.696875 0.15000000000000002 0.065625
0 0.4734375 0.5945312500000001 0.153125 0.0671875
0 0.49921875000000004 0.7250000000000001 0.15781250000000002 0.065625
0 0.28750000000000003 0.58125 0.15625 0.0625
0 0.22109375 0.6960937500000001 0.2234375 0.0703125
0 0.040625 0.703125 0.084375 0.0625
