0 0.21953125 0.24531250000000002 0.19843750000000002 0.07500000000000001
0 0.26953125 0.34375 0.1421875 0.0625
0 0.571875 0.24375000000000002 0.140625 0.0625
0 0.84296875 0.234375 0.1390625 0.06875
0 0.7703125000000001 0.34609375000000003 0.153125 0.06406250000000001
0 0.50625 0.35234375 0.146875 0.0703125
0 0.0421875 0.640625 0.08750000000000001 0.0625
0 0.11796875000000001 0.7828125 0.1328125 0.09062500000000001
0 0.30078125 0.76171875 0.13593750000000002 0.060937500000000006
0 0.46640625 0.7640625000000001 0.13593750000000002 0.0625
0 0.6218750000000001 0.6328125 0.134375 0.0625
0 0.6976562500000001 0.7601562500000001 0.1484375 0.0703125
0 0.93671875 0.74765625 0.1234375 0.0734375
