0 0.5554687500000001 0.18515625000000002 0.09531250000000001 0.17343750000000002
0 0.6609375000000001 0.1875 0.078125 0.15625
0 0.775 0.15078125 0.08750000000000001 0.15781250000000002
0 0.546875 0.41640625000000003 0.09062500000000001 0.1703125
0 0.6585937500000001 0.42734375 0.07968750000000001 0.1453125
0 0.76328125 0.34687500000000004 0.0859375 0.15625
0 0.5437500000000001 0.6726562500000001 0.08125 0.15781250000000002
0 0.659375 0.6578125 0.09062500000000001 0.15625
0 0.7609375 0.665625 0.09062500000000001 0.15937500000000002
0 0.43828125 0.8921875 0.13593750000000002 0.21250000000000002
0 0.534375 0.9265625000000001 0.078125 0.1375
0 0.63203125 0.90390625 0.08281250000000001 0.1546875
0 0.7546875000000001 0.89375 0.09062500000000001 0.146875
