0 0.49843750000000003 0.035937500000000004 0.09062500000000001 0.07500000000000001
0 0.5984375000000001 0.0328125 0.08125 0.06875
0 0.7117187500000001 0.0859375 0.0890625 0.146875
0 0.81640625 0.0578125 0.0921875 0.11875000000000001
0 0.48046875 0.27109375 0.0859375 0.15156250000000002
0 0.6117187500000001 0.2734375 0.0890625 0.153125
0 0.7125 0.3671875 0.10312500000000001 0.19375
0 0.8226562500000001 0.31953125000000004 0.0921875 0.16718750000000002
0 0.48281250000000003 0.48828125 0.084375 0.1328125
0 0.60703125 0.51875 0.0859375 0.146875
0 0.7046875 0.58125 0.078125 0.14375000000000002
0 0.81171875 0.63203125 0.0890625 0.15156250000000002
0 0.49375 0.7234375000000001 0.08750000000000001 0.1625
0 0.61328125 0.83984375 0.08281250000000001 0.1609375
0 0.71015625 0.8515625 0.0890625 0.15937500000000002
0 0.81015625 0.9281250000000001 0.0859375 0.140625
0 0.48125 0.9640625 0.07500000000000001 0.06875
