0 0.1875 0.25625000000000003 0.153125 0.065625
0 0.23046875 0.3640625 0.1421875 0.0625
0 0.43671875000000004 0.35234375 0.1484375 0.0703125
0 0.57734375 0.24375000000000002 0.1265625 0.0625
0 0.6820312500000001 0.36562500000000003 0.1390625 0.0625
0 0.92734375 0.34375 0.1421875 0.065625
0 0.9484375 0.77265625 0.1 0.0671875
0 0.68125 0.77734375 0.15000000000000002 0.0671875
0 0.44921875 0.7742187500000001 0.15156250000000002 0.06406250000000001
0 0.29140625000000003 0.76875 0.11093750000000001 0.059375000000000004
0 0.11875000000000001 0.7578125 0.1375 0.07187500000000001
