0 0.37578125 0.041406250000000006 0.0890625 0.0859375
0 0.48515625 0.0578125 0.09843750000000001 0.11875000000000001
0 0.5945312500000001 0.046875 0.0921875 0.096875
0 0.6890625 0.046875 0.08750000000000001 0.096875
0 0.37578125 0.28515625 0.0859375 0.1453125
0 0.48515625 0.259375 0.08281250000000001 0.15000000000000002
0 0.6015625 0.31953125000000004 0.08750000000000001 0.1609375
0 0.703125 0.2890625 0.084375 0.16875
0 0.38203125000000004 0.5140625 0.08281250000000001 0.15937500000000002
0 0.49375 0.4765625 0.08750000000000001 0.15000000000000002
0 0.6046875 0.540625 0.09062500000000001 0.15937500000000002
0 0.70234375 0.55078125 0.0859375 0.15781250000000002
0 0.38671875 0.7914062500000001 0.0859375 0.15781250000000002
0 0.50234375 0.7117187500000001 0.07968750000000001 0.1546875
0 0.6156250000000001 0.73828125 0.09375 0.1640625
0 0.7156250000000001 0.8210937500000001 0.084375 0.1609375
0 0.5007812500000001 0.9070312500000001 0.08281250000000001 0.1546875
0 0.39375000000000004 0.9734375000000001 0.078125 0.05
0 0.5984375000000001 0.9515625000000001 0.08125 0.09375
