0 0.026562500000000003 0.9812500000000001 0.05625 0.034375
0 0.030468750000000003 0.89453125 0.06406250000000001 0.06406250000000001
0 0.8484375000000001 0.9796875 0.084375 0.037500000000000006
0 0.69921875 0.88828125 0.08281250000000001 0.1390625
0 0.49921875000000004 0.815625 0.0890625 0.15625
0 0.596875 0.6664062500000001 0.08125 0.1546875
0 0.49843750000000003 0.5867187500000001 0.084375 0.1390625
0 0.08515625 0.50625 0.1453125 0.10625000000000001
0 0.38515625000000003 0.0734375 0.08281250000000001 0.15000000000000002
0 0.60859375 0.02734375 0.0859375 0.0578125
0 0.7109375 0.015625 0.078125 0.034375
0 0.49531250000000004 0.23671875 0.08125 0.15781250000000002
0 0.70703125 0.32265625000000003 0.08281250000000001 0.1546875
