0 0.04296875 0.609375 0.0890625 0.065625
0 0.23515625 0.6125 0.1796875 0.07500000000000001
0 0.26015625000000003 0.7445312500000001 0.27968750000000003 0.0859375
0 0.51328125 0.6468750000000001 0.1390625 0.065625
0 0.5203125000000001 0.73359375 0.15625 0.0734375
0 0.6734375 0.22890625 0.146875 0.06406250000000001
0 0.7203125 0.6351562500000001 0.15625 0.0671875
0 0.7351562500000001 0.7890625 0.15156250000000002 0.06875
0 0.94140625 0.66328125 0.11406250000000001 0.0671875
0 0.93125 0.8046875 0.134375 0.078125
