0 0.0203125 0.6062500000000001 0.043750000000000004 0.065625
0 0.0328125 0.7453125 0.06875 0.0625
0 0.16953125000000002 0.7367187500000001 0.1453125 0.06406250000000001
0 0.215625 0.6109375 0.1625 0.06875
0 0.4296875 0.73984375 0.153125 0.06406250000000001
0 0.55234375 0.596875 0.1484375 0.065625
0 0.6648437500000001 0.7523437500000001 0.17343750000000002 0.0671875
0 0.7703125000000001 0.6203125 0.153125 0.065625
0 0.946875 0.6570312500000001 0.10312500000000001 0.06406250000000001
0 0.940625 0.7429687500000001 0.115625 0.0578125
