0 0.30546875 0.24375000000000002 0.19843750000000002 0.07500000000000001
0 0.6000000000000001 0.24375000000000002 0.1375 0.065625
0 0.8914062500000001 0.2328125 0.1390625 0.065625
0 0.784375 0.34609375000000003 0.153125 0.06406250000000001
0 0.5398437500000001 0.35234375 0.1484375 0.0703125
0 0.28750000000000003 0.34296875000000004 0.14375000000000002 0.06406250000000001
0 0.1328125 0.6328125 0.14375000000000002 0.08750000000000001
0 0.12187500000000001 0.7828125 0.13125 0.08750000000000001
0 0.3046875 0.7609375 0.1375 0.0625
0 0.4703125 0.7640625000000001 0.1375 0.065625
0 0.7000000000000001 0.7609375 0.15000000000000002 0.06875
0 0.92890625 0.74765625 0.1390625 0.0734375
