0 0.21640625000000002 0.22031250000000002 0.1484375 0.065625
0 0.5703125 0.23593750000000002 0.15625 0.06875
0 0.04453125 0.7421875 0.0921875 0.059375000000000004
0 0.29296875 0.6328125 0.1484375 0.065625
0 0.33437500000000003 0.753125 0.15937500000000002 0.06875
0 0.52578125 0.6414062500000001 0.1546875 0.0703125
0 0.5765625 0.76171875 0.140625 0.06406250000000001
0 0.796875 0.64453125 0.15000000000000002 0.0671875
0 0.8187500000000001 0.78125 0.15000000000000002 0.07187500000000001
0 0.9765625 0.66328125 0.043750000000000004 0.0578125
0 0.97421875 0.80078125 0.0484375 0.06406250000000001
