0 0.6234375000000001 0.20468750000000002 0.06875 0.146875
0 0.7375 0.275 0.07500000000000001 0.15000000000000002
0 0.8359375 0.4921875 0.065625 0.134375
0 0.6039062500000001 0.6882812500000001 0.0671875 0.1453125
0 0.73046875 0.7718750000000001 0.0703125 0.1375
0 0.74140625 0.9578125000000001 0.0703125 0.08125
0 0.26640625 0.78125 0.1484375 0.0625
0 0.20546875 0.6726562500000001 0.1859375 0.0765625
0 0.034375 0.67109375 0.07187500000000001 0.06406250000000001
0 0.06406250000000001 0.78125 0.13125 0.06875
