0 0.5164062500000001 0.9671875000000001 0.08281250000000001 0.0625
0 0.6273437500000001 0.9304687500000001 0.0859375 0.13593750000000002
0 0.3984375 0.7976562500000001 0.08125 0.1546875
0 0.515625 0.796875 0.078125 0.1375
0 0.51875 0.484375 0.08750000000000001 0.15000000000000002
0 0.63046875 0.57421875 0.09531250000000001 0.16718750000000002
0 0.73828125 0.5234375 0.08281250000000001 0.15937500000000002
0 0.525 0.13203125000000002 0.09062500000000001 0.1640625
0 0.61875 0.17890625000000002 0.08750000000000001 0.1484375
0 0.7171875000000001 0.026562500000000003 0.078125 0.05625
