0 0.5546875 0.07734375 0.084375 0.15781250000000002
0 0.66171875 0.07968750000000001 0.0921875 0.1625
0 0.7734375 0.047656250000000004 0.084375 0.09843750000000001
0 0.5515625000000001 0.321875 0.078125 0.15625
0 0.659375 0.37109375 0.08125 0.15156250000000002
0 0.76953125 0.29375 0.08281250000000001 0.15000000000000002
0 0.43515625 0.65234375 0.0859375 0.1765625
0 0.5359375000000001 0.7015625000000001 0.078125 0.125
0 0.64609375 0.7914062500000001 0.08281250000000001 0.1484375
0 0.7585937500000001 0.64453125 0.0890625 0.15781250000000002
0 0.53515625 0.9437500000000001 0.09843750000000001 0.109375
