0 0.22734375 0.29375 0.15156250000000002 0.065625
0 0.87421875 0.22890625 0.15156250000000002 0.060937500000000006
0 0.1640625 0.7445312500000001 0.134375 0.0671875
0 0.38593750000000004 0.7578125 0.146875 0.07187500000000001
0 0.48750000000000004 0.58828125 0.1375 0.0671875
0 0.6234375000000001 0.77265625 0.178125 0.0859375
0 0.7390625000000001 0.59375 0.140625 0.0625
0 0.7828125 0.7171875000000001 0.1625 0.07187500000000001
0 0.9539062500000001 0.62109375 0.0890625 0.0671875
0 0.971875 0.7210937500000001 0.053125000000000006 0.060937500000000006
0 0.8875000000000001 0.80859375 0.16562500000000002 0.0734375
