0 0.2703125 0.2921875 0.171875 0.0625
0 0.9617187500000001 0.26640625 0.0734375 0.0765625
0 0.07187500000000001 0.6109375 0.146875 0.065625
0 0.0171875 0.7273437500000001 0.037500000000000006 0.06406250000000001
0 0.2921875 0.7250000000000001 0.153125 0.0625
0 0.37734375000000003 0.61328125 0.15781250000000002 0.0703125
0 0.48281250000000003 0.7171875000000001 0.15625 0.065625
0 0.5906250000000001 0.6023437500000001 0.15000000000000002 0.0671875
0 0.7406250000000001 0.7296875 0.153125 0.059375000000000004
0 0.815625 0.603125 0.140625 0.065625
0 0.9640625 0.6101562500000001 0.06875 0.06406250000000001
0 0.95234375 0.728125 0.0921875 0.0625
