0 0.37343750000000003 0.043750000000000004 0.084375 0.09062500000000001
0 0.5921875 0.057031250000000006 0.084375 0.1171875
0 0.49140625000000004 0.15000000000000002 0.0859375 0.15000000000000002
0 0.38203125000000004 0.29375 0.0859375 0.146875
0 0.6046875 0.240625 0.08750000000000001 0.15937500000000002
0 0.70078125 0.18984375 0.0859375 0.15781250000000002
0 0.49921875000000004 0.375 0.0859375 0.15000000000000002
0 0.38984375000000004 0.59609375 0.07968750000000001 0.15156250000000002
0 0.5109375 0.57734375 0.084375 0.1453125
0 0.609375 0.49609375 0.09375 0.1640625
0 0.71015625 0.45390625 0.08281250000000001 0.1328125
0 0.7375 0.6890625 0.1 0.19687500000000002
0 0.6117187500000001 0.76328125 0.0859375 0.1484375
0 0.51328125 0.81640625 0.0890625 0.1484375
0 0.39609375 0.8617187500000001 0.1046875 0.1921875
0 0.61328125 0.9773437500000001 0.08281250000000001 0.0421875
0 0.7250000000000001 0.9515625000000001 0.084375 0.09375
