0 0.21875 0.23125 0.30625 0.09062500000000001
0 0.47109375000000003 0.34218750000000003 0.1390625 0.0625
0 0.6000000000000001 0.23046875 0.14375000000000002 0.0671875
0 0.81640625 0.22265625 0.1484375 0.06406250000000001
0 0.014843750000000001 0.74375 0.0328125 0.0625
0 0.19062500000000002 0.62890625 0.134375 0.06406250000000001
0 0.253125 0.7453125 0.184375 0.07187500000000001
0 0.515625 0.74765625 0.14375000000000002 0.06406250000000001
0 0.65546875 0.62421875 0.1765625 0.0765625
0 0.75390625 0.7453125 0.1703125 0.06875
0 0.9765625 0.74140625 0.043750000000000004 0.060937500000000006
