0 0.30078125 0.24453125 0.19843750000000002 0.0765625
0 0.5945312500000001 0.24531250000000002 0.1390625 0.0625
0 0.8421875000000001 0.234375 0.140625 0.06875
0 0.78046875 0.34687500000000004 0.15156250000000002 0.065625
0 0.534375 0.353125 0.146875 0.06875
0 0.28125 0.3453125 0.140625 0.0625
0 0.1171875 0.784375 0.13125 0.084375
0 0.29921875000000003 0.7625000000000001 0.13593750000000002 0.059375000000000004
0 0.465625 0.7664062500000001 0.134375 0.06406250000000001
0 0.6960937500000001 0.7625000000000001 0.1484375 0.06875
0 0.9328125 0.75 0.13125 0.07187500000000001
