0 0.415625 0.1875 0.140625 0.059375000000000004
0 0.01640625 0.6140625000000001 0.035937500000000004 0.065625
0 0.20546875 0.6195312500000001 0.1640625 0.0703125
0 0.14765625000000002 0.7453125 0.1453125 0.0625
0 0.42031250000000003 0.74765625 0.15625 0.06406250000000001
0 0.5421875 0.603125 0.146875 0.065625
0 0.65546875 0.7585937500000001 0.1703125 0.0703125
0 0.759375 0.628125 0.153125 0.065625
0 0.9421875000000001 0.66328125 0.1125 0.06406250000000001
0 0.9320312500000001 0.74921875 0.1171875 0.0578125
