0 0.44062500000000004 0.28203125 0.14375000000000002 0.060937500000000006
0 0.08828125 0.69921875 0.1546875 0.060937500000000006
0 0.19609375 0.80390625 0.15781250000000002 0.06406250000000001
0 0.32734375000000004 0.6890625 0.1546875 0.065625
0 0.453125 0.83515625 0.15625 0.0671875
0 0.5984375000000001 0.6890625 0.146875 0.0625
0 0.67734375 0.7921875 0.1546875 0.0625
0 0.77890625 0.6859375000000001 0.1640625 0.06875
0 0.97578125 0.6828125 0.045312500000000006 0.0625
0 0.9320312500000001 0.7953125000000001 0.1328125 0.06875
