0 0.37343750000000003 0.060937500000000006 0.084375 0.125
0 0.5 0.10703125000000001 0.08750000000000001 0.1546875
0 0.6046875 0.16953125000000002 0.084375 0.1453125
0 0.71015625 0.1453125 0.0921875 0.1625
0 0.3953125 0.41250000000000003 0.08125 0.15625
0 0.49453125000000003 0.35000000000000003 0.0859375 0.146875
0 0.6117187500000001 0.36953125000000003 0.0921875 0.15156250000000002
0 0.728125 0.3875 0.09062500000000001 0.1625
0 0.38906250000000003 0.7171875000000001 0.08750000000000001 0.153125
0 0.50703125 0.7718750000000001 0.0859375 0.153125
0 0.6125 0.58984375 0.08750000000000001 0.1609375
0 0.71875 0.6421875 0.084375 0.16562500000000002
0 0.734375 0.8562500000000001 0.084375 0.153125
0 0.38906250000000003 0.95234375 0.07187500000000001 0.0921875
