0 0.5765625 0.12890625 0.08750000000000001 0.1640625
0 0.59375 0.3328125 0.09375 0.1625
0 0.6960937500000001 0.4609375 0.08281250000000001 0.1375
0 0.7015625000000001 0.6664062500000001 0.078125 0.1453125
0 0.6000000000000001 0.61328125 0.084375 0.1484375
0 0.36953125000000003 0.41328125000000004 0.09531250000000001 0.1703125
0 0.48984375 0.5632812500000001 0.08281250000000001 0.1453125
0 0.38593750000000004 0.76953125 0.09062500000000001 0.1765625
0 0.49921875000000004 0.8656250000000001 0.09531250000000001 0.1625
0 0.603125 0.8546875 0.084375 0.1625
0 0.7000000000000001 0.8765625 0.084375 0.1375
0 0.38906250000000003 0.9671875000000001 0.07500000000000001 0.0625
