0 0.37578125 0.14296875 0.0859375 0.1546875
0 0.49531250000000004 0.23515625 0.08750000000000001 0.15156250000000002
0 0.59921875 0.21406250000000002 0.0921875 0.16562500000000002
0 0.70078125 0.140625 0.08281250000000001 0.13125
0 0.38593750000000004 0.49296875 0.1 0.1953125
0 0.5046875000000001 0.5078125 0.084375 0.14375000000000002
0 0.7312500000000001 0.4734375 0.1 0.19687500000000002
0 0.37812500000000004 0.8250000000000001 0.078125 0.140625
0 0.51015625 0.8093750000000001 0.0890625 0.15000000000000002
0 0.6078125000000001 0.7609375 0.08750000000000001 0.15000000000000002
0 0.38593750000000004 0.98359375 0.07187500000000001 0.029687500000000002
0 0.503125 0.9828125000000001 0.08125 0.03125
0 0.609375 0.9734375000000001 0.08125 0.05
0 0.7203125 0.9500000000000001 0.08750000000000001 0.096875
