0 0.46953125 0.046875 0.0859375 0.096875
0 0.58125 0.0328125 0.08125 0.06875
0 0.4734375 0.17265625 0.08750000000000001 0.1609375
0 0.59140625 0.24453125 0.0859375 0.1609375
0 0.69921875 0.1921875 0.0890625 0.15937500000000002
0 0.3640625 0.40468750000000003 0.084375 0.15937500000000002
0 0.48281250000000003 0.46953125 0.08750000000000001 0.1546875
0 0.70078125 0.46640625 0.0859375 0.15781250000000002
0 0.5921875 0.6039062500000001 0.084375 0.16718750000000002
0 0.70078125 0.7054687500000001 0.0890625 0.1453125
0 0.37343750000000003 0.64765625 0.08125 0.1484375
0 0.48750000000000004 0.7265625 0.084375 0.15937500000000002
0 0.59609375 0.81171875 0.0890625 0.15156250000000002
0 0.6953125 0.9320312500000001 0.084375 0.1328125
0 0.36328125 0.9320312500000001 0.0890625 0.1328125
0 0.47734375 0.9750000000000001 0.08281250000000001 0.046875
