0 0.6078125000000001 0.0328125 0.07187500000000001 0.06875
0 0.7203125 0.04609375 0.084375 0.09531250000000001
0 0.6109375 0.31093750000000003 0.07187500000000001 0.14375000000000002
0 0.7273437500000001 0.58046875 0.0765625 0.15156250000000002
0 0.8539062500000001 0.6726562500000001 0.08281250000000001 0.15781250000000002
0 0.6203125 0.7210937500000001 0.07187500000000001 0.1390625
0 0.1796875 0.584375 0.184375 0.07187500000000001
0 0.0546875 0.6921875000000001 0.1125 0.06875
0 0.27734375 0.68515625 0.15156250000000002 0.060937500000000006
0 0.23203125000000002 0.79296875 0.2015625 0.0734375
