0 0.057031250000000006 0.62109375 0.1171875 0.060937500000000006
0 0.171875 0.7367187500000001 0.15625 0.0671875
0 0.27421875 0.6171875 0.1296875 0.0625
0 0.44375000000000003 0.75546875 0.1625 0.0734375
0 0.5265625 0.62890625 0.13125 0.06406250000000001
0 0.7406250000000001 0.6273437500000001 0.153125 0.06406250000000001
0 0.7421875 0.76953125 0.19062500000000002 0.0765625
0 0.9390625 0.64609375 0.11875000000000001 0.0703125
0 0.95234375 0.7585937500000001 0.0921875 0.06406250000000001
0 0.01015625 0.74375 0.0234375 0.05
