0 0.5578125 0.12265625000000001 0.08125 0.1390625
0 0.675 0.16328125000000002 0.08750000000000001 0.15156250000000002
0 0.77734375 0.225 0.0921875 0.16562500000000002
0 0.43281250000000004 0.33359375 0.08125 0.1640625
0 0.5515625000000001 0.5046875000000001 0.084375 0.15937500000000002
0 0.65625 0.54453125 0.08125 0.15156250000000002
0 0.7671875 0.6796875 0.08750000000000001 0.146875
0 0.42109375000000004 0.7921875 0.0734375 0.146875
0 0.5453125 0.9484375 0.08125 0.1
0 0.6531250000000001 0.8718750000000001 0.084375 0.15000000000000002
