0 0.721875 0.09140625000000001 0.084375 0.15156250000000002
0 0.5242187500000001 0.21953125 0.0921875 0.1640625
0 0.6171875 0.253125 0.084375 0.15000000000000002
0 0.51875 0.53125 0.08750000000000001 0.15000000000000002
0 0.628125 0.6257812500000001 0.09375 0.16718750000000002
0 0.73828125 0.63203125 0.08281250000000001 0.1609375
0 0.5140625 0.8093750000000001 0.08125 0.140625
0 0.39765625000000004 0.8914062500000001 0.07968750000000001 0.1609375
0 0.51484375 0.9703125 0.08281250000000001 0.05625
0 0.6218750000000001 0.95859375 0.084375 0.07968750000000001
