0 0.03828125 0.8539062500000001 0.07968750000000001 0.0671875
0 0.029687500000000002 0.96640625 0.0625 0.06406250000000001
0 0.41171875 0.85859375 0.07968750000000001 0.15156250000000002
0 0.52578125 0.940625 0.09843750000000001 0.115625
0 0.6296875000000001 0.8656250000000001 0.09062500000000001 0.15937500000000002
0 0.7195312500000001 0.57578125 0.08281250000000001 0.13593750000000002
0 0.51484375 0.5015625 0.07968750000000001 0.14375000000000002
0 0.36562500000000003 0.23203125000000002 0.115625 0.17343750000000002
0 0.61328125 0.24140625000000002 0.0859375 0.1421875
0 0.7156250000000001 0.055468750000000004 0.08125 0.11406250000000001
