0 0.4265625 0.06875 0.084375 0.140625
0 0.6421875 0.06640625 0.084375 0.13593750000000002
0 0.74375 0.029687500000000002 0.08750000000000001 0.0625
0 0.5328125 0.20234375000000002 0.08750000000000001 0.1453125
0 0.75 0.22109375 0.084375 0.15156250000000002
0 0.42890625000000004 0.32734375000000004 0.08281250000000001 0.15156250000000002
0 0.5390625 0.41328125000000004 0.078125 0.1484375
0 0.634375 0.34921875 0.08750000000000001 0.1546875
0 0.74765625 0.4703125 0.0921875 0.16875
0 0.6296875000000001 0.58359375 0.08125 0.15156250000000002
0 0.74375 0.7000000000000001 0.084375 0.15000000000000002
0 0.421875 0.56953125 0.09062500000000001 0.1609375
0 0.5390625 0.65234375 0.08125 0.1328125
0 0.42031250000000003 0.81171875 0.084375 0.1484375
0 0.52734375 0.85546875 0.08281250000000001 0.1546875
0 0.6390625000000001 0.7953125000000001 0.09062500000000001 0.16562500000000002
0 0.7429687500000001 0.90234375 0.0921875 0.1546875
