0 0.48125 0.0390625 0.08750000000000001 0.08125
0 0.5875 0.0765625 0.09062500000000001 0.15625
0 0.703125 0.18046875 0.09062500000000001 0.15781250000000002
0 0.4890625 0.26171875 0.10312500000000001 0.19843750000000002
0 0.3515625 0.1203125 0.08125 0.140625
0 0.59921875 0.34609375000000003 0.0859375 0.15781250000000002
0 0.38203125000000004 0.43281250000000004 0.0765625 0.153125
0 0.48750000000000004 0.5554687500000001 0.08125 0.15781250000000002
0 0.7109375 0.5453125 0.10312500000000001 0.19687500000000002
0 0.39453125 0.89609375 0.1265625 0.20468750000000002
0 0.49062500000000003 0.8125 0.084375 0.15937500000000002
0 0.49609375 0.98359375 0.0703125 0.029687500000000002
0 0.603125 0.8382812500000001 0.09375 0.15156250000000002
0 0.7039062500000001 0.8140625 0.08281250000000001 0.146875
