0 0.49062500000000003 0.040625 0.08125 0.084375
0 0.60546875 0.049218750000000006 0.0859375 0.1015625
0 0.7078125000000001 0.045312500000000006 0.08125 0.09375
0 0.49531250000000004 0.16328125000000002 0.08750000000000001 0.1609375
0 0.6140625000000001 0.25078125 0.08750000000000001 0.1609375
0 0.72265625 0.22734375 0.0890625 0.15781250000000002
0 0.503125 0.47578125000000004 0.09062500000000001 0.15156250000000002
0 0.72421875 0.48046875 0.0859375 0.15781250000000002
0 0.6140625000000001 0.6078125000000001 0.084375 0.16875
0 0.390625 0.69296875 0.08125 0.1609375
0 0.5085937500000001 0.7289062500000001 0.08281250000000001 0.15781250000000002
0 0.721875 0.6984375 0.09062500000000001 0.146875
0 0.61640625 0.81640625 0.0890625 0.15156250000000002
0 0.71796875 0.93359375 0.08281250000000001 0.1296875
0 0.49765625 0.9812500000000001 0.07968750000000001 0.034375
