0 0.10546875 0.9070312500000001 0.1453125 0.0671875
0 0.02421875 0.60859375 0.051562500000000004 0.060937500000000006
0 0.0921875 0.4890625 0.1625 0.07187500000000001
0 0.5875 0.96640625 0.13125 0.06406250000000001
0 0.7625000000000001 0.82734375 0.171875 0.0734375
0 0.9593750000000001 0.63828125 0.078125 0.0671875
0 0.5007812500000001 0.55625 0.1546875 0.06875
0 0.35625 0.15078125 0.08125 0.1484375
0 0.35703125 0.01171875 0.07968750000000001 0.026562500000000003
0 0.47890625000000003 0.05625 0.0890625 0.115625
0 0.596875 0.084375 0.09062500000000001 0.1625
0 0.6984375 0.15156250000000002 0.08750000000000001 0.14375000000000002
