0 0.030468750000000003 0.7289062500000001 0.06406250000000001 0.0734375
0 0.25703125 0.71875 0.2078125 0.084375
0 0.43671875000000004 0.5984375000000001 0.1484375 0.059375000000000004
0 0.6390625000000001 0.7054687500000001 0.12187500000000001 0.06406250000000001
0 0.8304687500000001 0.7203125 0.1609375 0.06875
0 0.3765625 0.18203125 0.15625 0.060937500000000006
0 0.1859375 0.30625 0.15000000000000002 0.059375000000000004
0 0.25703125 0.40468750000000003 0.1453125 0.06875
0 0.47890625000000003 0.39609375 0.1484375 0.06406250000000001
0 0.6273437500000001 0.30546875 0.1640625 0.060937500000000006
