0 0.15546875000000002 0.584375 0.15156250000000002 0.0625
0 0.08671875000000001 0.70703125 0.1453125 0.06406250000000001
0 0.3984375 0.5875 0.14375000000000002 0.065625
0 0.32656250000000003 0.7351562500000001 0.15625 0.0671875
0 0.5281250000000001 0.71875 0.140625 0.065625
0 0.640625 0.59140625 0.14375000000000002 0.0671875
0 0.87265625 0.61484375 0.1484375 0.0703125
0 0.80390625 0.71015625 0.1390625 0.06406250000000001
0 0.8703125 0.7898437500000001 0.15000000000000002 0.0734375
0 0.9734375000000001 0.73046875 0.05 0.06406250000000001
